bpm=120
beat=4/4


-10:
0,2

-9:
2,2

-8:
0,1
0,3

-7:
0,2

-6:
0,3

-5:
0,1
0,3

-4:
0,2

-3:
0,1
0,3

-2:
0,2

-1:
0,1
0,3,d

0:
0,1

1:
0,2

2:
0,1
2,3

3:
0,2
2,1

4:
0,1
0,3

5:
0,0

6:
0,4
2,1

7:
0,0
0,4
2,2

8:
0,1
0,3
2,1

9:
0,1
2,3

10:
0,1
0,3
2,1
3,2

11:
0,3
2,3
3,2

12:
0,1
0,3,d

13:
0,2

14:
0,1
0,3
2,1,d

15:
0,2,d
2,3,d

16:
0,0
2,4
3,2

17:
0,1
0,3
2,4

18:
0,3
2,2

19:
0,1
2,0

20:
0,2,d

21:
0,1,d
0,3,d

22:
0,0,d

23:
0,4,d

24:
0,2,d

25:
0,4
2,2
2,4
3,3

26:
0,3
0,1
2,1

27:
0,1
0,3
2,3

28:
0,3
0,1,d

29:
0,3

30:
0,1

31:
0,3

32:
0,1
0,3,d

33:
0,1

34:
0,2

35:
0,1
0,3

36:
0,3
0,1,d

37:
0,4

38:
0,3

39:
0,4

40:
0,3

41:
0,4

42:
0,3

43:
0,4

44:
0,1
0,4,d

45:
0,2

46:
0,4
0,1,d

47:
0,4

48:
0,1
0,4,d

49:
0,1

50:
0,1
0,4
2,2

51:
0,1
0,3

52:
0,1
2,2

53:
0,3
2,2

54:
0,1
2,4

55:
0,1
2,0

56:
0,1
2,3

57:
0,1
0,4
2,3

58:
0,0
0,4
2,0
2,4

59:
0,2
2,2

60:
0,1
0,3
1,1
2,1
2,3

61:
0,3
0,1,d

62:
0,2,d

63:
0,3,d

64:
0,2
2,1
2,3

65:
0,2
2,3

66:
0,1
0,3,d

67:
0,1
2,2

68:
0,3
2,1

69:
0,1
0,3
1,3
2,3
2,1

70:
0,2
2,3
2,1
3,2

71:
0,1
0,3,d

72:
0,1
2,2

73:
0,1
0,3
2,1

74:
0,1
0,3,d

75:
0,1
2,2

76:
0,1
0,3
2,2

77:
0,1
0,3
1,3
2,3
2,1
3,2

78:
0,1
0,3,d

79:
0,1
2,1

80:
0,3
0,1
2,1

81:
0,3
0,1
2,4

82:
0,3
0,1

83:
0,1
0,3
2,2

84:
0,0
0,4

85:
0,1
0,3

86:
0,0
0,4
2,1

87:
0,3
2,4

88:
0,3
0,1
2,0

89:
0,0
2,2

90:
0,1
0,3
2,2

91:
0,0
0,4
2,2

92:
0,1
0,3
2,3

93:
0,3
2,1
2,3

94:
0,0
2,1

95:
0,2
2,4

96:
0,4
0,1,d
2,4

97:
0,4
2,1

98:
0,1
0,3,d
2,0

99:
0,1
2,2

100:
0,3
0,1,d
2,4

101:
0,3
2,4

102:
0,3
2,4

103:
0,3
2,4

104:
0,3
2,2

105:
0,1
0,3
2,2
2,4
3,3

106:
0,1
0,4
2,2

107:
0,1
2,2

108:
0,1
0,4

109:
0,0
0,3

110:
0,1
0,3
2,3

111:
0,4
2,3

112:
0,1
0,3
2,1
2,3

113:
0,4
2,3

114:
0,2
2,1

115:
0,0
0,4
2,2

116:
0,3
0,1,d

117:
0,3,d

118:
0,2,d

119:
0,1,d

120:
0,3,d

121:
0,2,d

122:
0,1
1,1
2,1
2,3

123:
0,2
2,1
2,3

124:
0,1
0,3
2,1

125:
0,1
0,3
2,3

126:
0,3
0,1
2,1

127:
0,1
2,1

128:
0,2
2,3
2,1
3,2

129:
0,3
0,1
2,3

130:
0,3
0,1
2,1

131:
0,1
0,3
2,2

132:
0,3
0,1
2,1

133:
0,1
0,3
2,3

134:
0,3
0,1
2,2

135:
0,3
0,1
1,2
2,1
2,3

136:
0,3
0,1
2,2

137:
0,3
0,1
2,1

138:
0,1
0,3,d
2,1

139:
0,1
2,2

140:
0,3
0,1,d
2,3

141:
0,3
2,2

142:
0,3
0,1,d
2,3

143:
0,3
2,3

144:
0,1
0,3,d
2,1

145:
0,1
2,1
2,3
3,2

146:
0,1
0,3
2,2

147:
0,1
0,3
2,1
2,3

148:
0,1
0,3
2,3

149:
0,2
2,1

150:
0,0
2,1

151:
0,2
2,3

152:
0,4
2,3

153:
0,2
2,1

154:
0,0
0,4
2,2

155:
0,1
0,3
2,2

156:
0,4
2,3

157:
0,2
2,1

158:
0,0
2,1

159:
0,2
2,3

160:
0,4
0,0
2,2

161:
0,1
0,3
2,2

162:
0,1
0,3
1,2
2,1
2,3

163:
0,1
0,3
2,2

164:
0,1
2,1

165:
0,1
0,3
2,3

166:
0,3
2,1
2,3
3,2

167:
0,1
0,3
2,2

168:
0,2
2,2

169:
0,1
0,3
1,2
2,1
2,3

170:
0,1
0,3
2,1
2,3

171:
0,1
0,3
2,1

172:
0,1
0,3
2,2

173:
0,3
0,1
2,3

174:
0,3
0,1
1,2
2,1
2,3

175:
0,3
0,1
2,2

176:
0,2,d
2,1

177:
0,3
2,1

178:
0,3
2,1
2,3

179:
0,1
0,3
2,2

180:
0,1
0,3
